229.21135127314815
228.99046006944445
216.18800636574073
208.00280381944444
199.9911545138889
196.4287181712963
195.79041087962963
195.50665219907407
195.61294849537038
196.4421064814815
196.85604456018518
197.098984375
196.6925
196.95896122685184
196.8931568287037
196.6558738425926
196.7594241898148
196.4969820601852
196.19740162037036
195.04266203703705
194.47483796296297
193.92768229166666
193.7830150462963
194.39747395833334
194.47607638888888
195.38609085648147
196.11729166666666
195.98801215277777
195.45672453703705
192.0149565972222
186.82725983796297
185.18543981481483
186.04261284722222
186.46731770833333
186.94953703703703
188.79309895833333
190.02711805555555
190.96123553240741
191.02814814814815
191.6187818287037
193.14881655092591
192.9694994212963
194.6322193287037
195.04222800925925
195.4224565972222
195.889453125
195.91361111111112
195.14756655092592
194.73923032407407
194.1214525462963
193.77961226851852
194.54833333333335
194.70385416666667
194.76435185185184
192.12065682870372
188.31789641203704
188.26036458333334
189.4144068287037
190.34563657407406
190.92033275462964
192.61584490740742
193.9731741898148
193.5655179398148
192.99484375
193.29572337962964
193.81808159722223
194.15477719907406
194.30212962962963
194.5004224537037
194.40939236111112
194.34591435185186
194.20631944444443
193.7899710648148
194.06619212962963
193.67463252314815
194.20649016203703
194.16913773148147
194.17060185185184
194.22977430555557
191.94922743055557
187.64113425925925
187.57510127314814
188.2718894675926
188.88167534722223
190.30221064814816
192.33647858796297
193.56101273148147
192.91640335648148
193.1028125
193.25114583333334
193.57962384259258
193.8597685185185
194.25694155092592
194.57836805555556
194.54100983796297
194.74759259259258
194.38166377314815
193.85682002314815
193.5484375
192.6801851851852
193.11760127314815
193.62254340277778
193.79537037037036
194.32453414351852
193.73174768518518
189.41600694444443
187.54679398148147
188.3361400462963
188.85750868055555
189.41130787037036
190.42030960648148
191.20158854166667
192.30054108796296
192.1131712962963
192.1207494212963
192.73710069444445
193.15049768518517
192.82339699074075
193.19153935185184
193.81650173611112
193.83972511574075
193.89852430555555
193.72381944444444
193.90059895833335
193.57907118055556
193.59475405092593
193.78696469907408
195.09000578703703
195.02126157407406
194.04660879629628
193.63304398148148
189.45057581018517
186.67974247685186
186.86673032407407
187.28786747685186
187.77929108796297
188.76752025462963
190.6529253472222
192.05332175925926
191.94609375
191.87624421296297
191.9070775462963
192.44340277777778
192.79666087962963
193.17349247685186
193.56084780092593
193.82555555555555
193.74194155092593
193.73938368055556
193.5896383101852
193.48177083333334
194.24852141203704
193.85572337962964
193.90240451388888
193.83250868055555
193.65077546296297
193.3282957175926
193.71022280092592
193.56946180555556
189.52146412037038
187.18274305555556
187.0919878472222
187.47999131944445
188.1640972222222
188.81859085648148
190.19626446759258
191.64255208333333
191.17829282407408
191.9654253472222
191.91443287037038
192.2906741898148
192.56274305555556
193.09055266203703
194.51347222222222
194.53889756944446
194.48151909722222
194.61151041666668
193.87685474537037
193.6690335648148
193.02903935185185
193.51693576388888
194.01572916666666
194.33660300925925
195.42636574074075
194.92784143518517
191.34318287037038
188.56611689814815
187.98603877314815
187.84048611111112
187.58055844907406
188.69386574074073
189.65050347222223
190.83919849537037
192.0584693287037
191.70097800925927
191.98767939814815
192.3262962962963
192.57458333333332
193.00716145833334
193.68958622685184
194.10645833333334
195.61285590277777
195.42037326388888
194.62821469907408
194.57833912037037
193.4501591435185
193.03110532407408
192.96223958333334
193.37833622685184
193.4410474537037
193.63532407407408
193.80793402777778
193.09655092592592
189.06506076388888
187.82766782407407
188.24899884259258
188.57037905092594
189.20835069444445
190.3649045138889
191.59067997685185
192.66828703703703
191.91280381944443
191.88965277777777
192.04066261574073
192.41877314814815
193.82606770833334
193.75069155092592
194.58522569444443
194.82297743055557
194.20509837962962
194.27845775462964
193.9032986111111
193.2914380787037
193.19514467592592
193.6411545138889
193.2452488425926
193.45195601851853
193.46125
193.79296296296297
193.43384548611112
193.54295717592592
192.1470341435185
188.36498263888888
189.27494502314815
189.21817418981482
189.95426215277777
190.9509519675926
191.08699074074073
192.37455729166666
192.2707349537037
192.27820891203703
192.14167824074073
192.0689236111111
192.4366550925926
193.13769097222223
192.85734664351853
193.26781539351853
193.36301504629628
193.42022569444444
193.59206597222223
193.5461429398148
193.52976851851852
193.51452256944444
193.8270775462963
193.74671875
194.0052777777778
193.86948784722222
194.24937210648147
193.99197916666665
193.67177083333334
190.23606770833334
188.81110243055556
188.94936631944444
189.21199074074073
189.64516493055555
190.12578125
190.8115306712963
191.92542534722222
191.6226880787037
192.9004542824074
192.89835358796296
192.59029803240742
192.9874247685185
194.04405671296297
193.88203993055555
193.62743055555555
193.71115162037037
193.89311631944443
193.33016782407407
193.0917997685185
193.41355613425927
193.66916087962963
194.00552372685186
193.02983217592592
190.62100405092593
190.07685185185184
189.99100405092594
189.70014756944445
190.2141232638889
190.4043287037037
191.3163888888889
191.83089988425925
191.7034056712963
192.99991030092593
192.91934895833333
192.2249363425926
192.56753761574075
192.54046006944444
192.61552372685185
193.39537905092592
193.40214988425927
193.5337528935185
193.64923900462964
193.85460648148148
194.21817997685184
193.9873900462963
194.26109375
193.91114583333334
193.39322916666666
191.23129918981482
189.65331018518518
189.3739236111111
189.50327835648147
189.6025462962963
190.08726851851853
191.26811921296297
192.25555844907407
192.20668402777778
192.5012644675926
192.06919560185185
192.49953703703704
192.56532407407408
192.86517361111112
192.99149305555557
193.28561921296296
193.13811921296298
193.286015625
193.6781278935185
193.51663194444444
193.92776041666667
194.23850694444445
194.33019386574074
194.25775173611112
193.73426215277777
193.45625578703704
193.1101128472222
193.39819733796296
193.15430844907408
191.3040306712963
189.83351851851853
189.75354166666668
190.3728559027778
190.34763310185184
190.7043778935185
191.5822511574074
191.69815972222221
191.62147569444446
191.57665798611112
191.73352141203705
191.5058912037037
191.78281539351852
192.11779803240742
192.24304976851852
193.1659375
193.2512471064815
193.0675173611111
193.19402488425925
193.15402199074074
193.2091087962963
193.54844907407409
193.69556712962964
193.9882638888889
193.95765625
194.01677083333334
193.97683449074074
193.37096643518518
193.85390046296297
193.6890625
193.95928530092593
192.07706597222221
189.75702256944444
189.7733912037037
189.73051215277778
189.9286082175926
190.46245659722223
191.59886863425925
192.17839409722222
192.35112557870372
192.3295659722222
192.45339409722223
192.72035590277778
192.44437789351852
192.6099565972222
193.06182291666667
193.11651331018518
193.3655150462963
193.55125
193.85910300925926
193.7515914351852
194.17587962962963
193.9921875
193.97653645833333
194.13539930555555
193.72737557870371
193.8434259259259
191.32598958333332
189.76198206018518
190.20947337962963
190.30505787037038
190.17743634259259
190.83372106481482
191.8581394675926
192.24801793981482
193.068515625
193.0326099537037
192.84004340277778
193.12828993055555
193.19148726851853
193.14053530092593
193.64957465277777
193.77317129629628
194.3197337962963
194.45549189814815
193.99744502314815
193.83796296296296
193.03326967592594
192.83116608796297
193.03896990740742
193.2333304398148
193.16345196759258
193.38915798611112
193.5825810185185
193.7975144675926
193.9966869212963
193.6328587962963
191.46211226851852
189.98441840277778
190.3454832175926
190.39692129629628
190.16787905092593
190.98480034722223
192.04552083333334
192.4140972222222
192.49880497685186
192.29918113425927
192.21596064814815
192.38175925925927
192.4124045138889
192.68192997685185
192.90925925925927
193.16465856481483
193.9352025462963
194.00336226851852
194.89653935185186
194.85721064814814
193.90795717592593
193.84498842592592
193.35540798611112
193.04908275462964
193.5371267361111
193.66606770833334
193.52649016203705
193.75852430555557
193.61475405092594
192.96146412037038
191.1024363425926
190.18454571759258
189.80618923611112
190.1985300925926
189.93477141203704
190.55113136574073
191.6187962962963
192.18649884259258
192.6742216435185
192.4134230324074
192.17337962962964
192.58819733796295
192.85186631944444
193.2316724537037
193.45729456018518
193.48650462962962
193.28072627314816
193.14244212962964
192.98380497685184
193.16737268518517
193.37514467592592
193.64761863425926
193.73197916666666
194.0882494212963
195.55423321759258
193.7586863425926
190.6732783564815
190.33831597222223
189.5791724537037
189.62030960648147
189.72556712962964
190.42707465277778
190.9193576388889
191.40697627314816
192.80552083333333
192.31345196759258
192.05992476851853
192.3131712962963
192.8582783564815
192.93569155092592
192.98487847222222
193.2853298611111
193.14551793981482
193.11497395833334
193.2262008101852
193.25045428240742
193.42302951388888
193.63456886574073
194.76952546296297
194.42236400462963
194.01034143518518
193.9948119212963
193.07133391203703
192.85193287037038
193.70602719907407
193.5369675925926
191.49847222222223
189.76922743055556
189.60966145833333
189.6555121527778
189.31009259259258
190.01979166666666
190.45308159722222
191.2585127314815
193.13353587962962
192.39338831018517
194.07795717592592
193.9877488425926
193.40434895833334
193.78886574074073
193.27671875
193.30798900462963
193.3168142361111
193.463828125
193.27410300925925
193.34238136574075
193.11280960648148
193.46135127314815
193.33620081018518
193.5210011574074
193.84730902777778
193.7418605324074
194.00043692129628
192.99752604166667
189.85290219907407
189.1434201388889
188.7292534722222
189.07686921296298
189.81520833333335
190.33085358796296
191.69990162037038
192.48318287037037
192.45086805555556
192.37505497685186
192.42520833333333
192.8857204861111
193.59035300925925
193.83531539351853
193.85040509259258
194.13625
194.26108217592594
193.81268229166668
193.80674189814815
194.31499131944443
193.95888310185185
194.27047453703705
194.11951967592591
193.81570891203702
192.6278761574074
189.50398726851853
189.6608912037037
189.52036168981482
188.91734953703704
189.49014756944445
190.08942997685185
191.06240740740742
192.0898466435185
192.53258101851853
192.246796875
192.38953414351852
192.48851273148148
192.79168981481482
193.66596064814814
193.61912905092592
193.70327256944444
193.94511863425927
194.72052083333332
194.55339988425925
194.01736111111111
194.30482349537036
193.8472627314815
193.67338541666666
193.77832465277777
193.94547164351852
193.98710648148148
193.88217881944445
193.8959866898148
193.75134837962963
194.46672453703704
193.82650752314814
190.99802662037038
189.7389699074074
188.82697916666666
189.28162037037038
188.70115162037038
189.26847222222221
190.1790480324074
190.97544270833333
191.28938078703703
191.01908275462964
191.79018518518518
191.953515625
192.75908854166667
192.99585358796296
194.02247106481482
194.14558159722222
194.10595775462963
194.10340856481483
193.75538483796296
193.70197048611112
193.9170601851852
193.7334664351852
193.9469849537037
194.18500578703703
193.90120659722223
193.90508391203704
194.04654224537038
193.5823553240741
194.10543113425925
193.18575520833335
189.29461805555556
188.50872395833332
188.87802083333332
189.08782407407406
189.8629542824074
190.74172743055556
191.15045138888888
191.92213831018518
191.40318287037036
191.39755787037038
191.90100694444445
192.11760416666667
193.91518229166667
193.93743055555555
193.29493344907408
193.82424189814816
193.98492766203702
193.69068287037038
193.615078125
193.9277372685185
193.8973929398148
194.12462962962962
194.42786168981482
193.73392650462964
190.56393229166667
189.40641782407408
188.76303530092594
189.00769386574075
189.11386863425926
189.85258680555555
190.4496412037037
191.39395833333333
192.42232349537036
192.01188657407408
191.97947916666666
192.2011226851852
192.94249710648148
193.20807291666668
193.23435474537038
193.54500578703704
193.69808449074074
193.62879050925926
194.348984375
194.56352141203703
194.54052083333335
194.39610243055554
194.3776215277778
194.14584201388888
194.49144675925925
194.02140046296296
191.9568894675926
189.30174768518518
189.15958333333333
189.31550925925927
189.34708333333333
189.5909085648148
190.49944155092592
191.4293460648148
191.74386284722223
191.42595775462962
191.96471064814816
192.07948784722223
193.09501157407408
193.1713570601852
193.42839409722222
193.58031539351853
193.2056076388889
193.14896122685184
192.83208912037037
192.7517332175926
192.6142361111111
192.93766493055554
193.3227662037037
193.53477430555554
193.6219675925926
193.92102141203705
193.60468171296296
193.77318576388888
194.58469907407408
190.70490162037038
189.8515162037037
189.90574074074075
189.3222337962963
189.45202546296295
190.4323263888889
190.7901388888889
191.3416232638889
191.97784143518518
191.59901909722223
191.7466869212963
192.16532407407408
192.5438107638889
192.14436921296297
192.26522858796295
193.20237847222222
193.15586516203703
193.5009056712963
193.73911458333333
193.83651331018518
193.70221064814814
193.95864872685186
194.0380642361111
193.4918576388889
191.43746238425925
189.29042534722223
189.2940625
189.28161458333332
189.4898292824074
190.67763888888888
191.40100694444445
192.14140914351853
192.48127025462964
192.19247974537038
192.17039641203704
192.5239496527778
192.75086516203703
192.35680266203704
192.68923032407406
193.59442418981482
193.6366869212963
193.73140335648148
193.91031828703703
193.7079571759259
193.5303732638889
193.00177372685187
193.48177372685186
192.81309027777777
193.29777488425927
193.37771701388888
193.20506944444443
192.48166087962963
189.3551591435185
189.13461805555556
189.38996238425926
189.48399016203703
189.74046296296297
190.1163107638889
191.30041087962962
191.87386284722223
191.70819733796296
191.6313570601852
191.71397280092592
192.19269965277778
192.28583333333333
192.4886400462963
192.77961516203703
193.5440306712963
193.55022280092592
194.22237268518518
193.90709780092592
193.76803819444444
193.5544994212963
193.0294704861111
193.00483506944445
193.9753269675926
194.07331886574073
193.8642071759259
193.9717795138889
193.09080439814815
193.0737355324074
193.24568287037036
193.34033854166665
193.50115451388888
191.00989583333333
187.98067997685186
188.07033275462962
188.5923263888889
188.68852430555555
188.96899884259258
190.12809895833334
192.13835358796297
191.80450520833332
193.5317650462963
193.2347974537037
192.6346122685185
192.93956886574074
192.63396990740742
192.51837673611112
192.6551244212963
193.07744791666667
193.7623582175926
193.84416666666667
193.95167534722222
193.9672974537037
193.48825520833333
193.1713136574074
192.89846643518518
192.809296875
192.3886863425926
189.37541087962964
188.69559606481482
188.8793287037037
189.58565104166667
189.93958622685184
190.63500289351853
191.8512210648148
191.82892650462964
191.85287905092594
191.61682002314814
191.60327835648147
192.62972511574074
192.6992361111111
192.59860243055556
192.91751446759258
192.7166059027778
192.74619791666666
194.01772280092592
193.85591724537036
193.9483622685185
194.18157407407406
193.5755931712963
193.33478298611112
193.09491319444444
192.71682291666667
193.0957002314815
192.96913773148148
190.92568287037037
189.46329282407407
190.1086892361111
190.0744994212963
189.31703703703704
189.9218287037037
192.75513310185184
193.10149305555555
193.00063368055555
192.95688657407408
192.9687471064815
192.98384837962962
192.18758391203704
192.47876446759258
192.14566550925926
192.2868142361111
191.91015625
192.1184375
192.21734085648148
192.35021990740742
192.41922453703702
192.79081886574073
193.0484201388889
193.18800636574073
193.37844618055556
193.33475983796296
194.76536458333334
194.6212355324074
193.63651909722222
191.07499131944445
188.67743055555556
188.4229542824074
188.552734375
188.3216869212963
189.4928443287037
190.55922453703704
192.34265625
192.93957465277776
191.9211545138889
192.04158564814816
191.86690104166667
192.07965277777777
191.8703935185185
192.08803530092592
192.63091435185186
192.8573871527778
192.31569155092592
192.58138888888888
193.48500289351853
193.23738136574073
193.17973090277778
193.57825231481482
194.10264756944446
193.8130787037037
193.5271556712963
193.45251157407407
192.96013888888888
193.23162037037036
190.60552951388888
188.5593287037037
189.08064814814816
189.17296875
188.73118055555557
189.40541666666667
190.70757233796297
191.72439525462963
191.4368460648148
191.5752980324074
192.53015046296295
192.46725115740742
192.68232060185184
192.70727430555556
192.79885127314816
192.95663194444444
193.18875578703702
193.39888599537036
193.33572048611111
193.31808738425926
193.41432002314815
193.35938078703703
193.19982349537037
193.14234375
193.80303819444444
191.6479195601852
189.7867824074074
189.88364293981482
190.00878761574074
190.1361545138889
190.18130787037038
190.95008391203703
191.9676707175926
191.82484664351853
191.28706886574074
191.38256076388888
192.0809866898148
192.30051215277777
191.95165798611112
192.17398726851852
192.34009259259258
192.47405671296298
192.81609085648148
193.02061921296297
193.0074681712963
193.3142505787037
193.49986979166667
193.4573119212963
193.4790480324074
193.3339670138889
193.87816261574073
193.38345775462963
190.93850694444444
189.66202835648147
190.11155381944445
189.7203732638889
189.63374421296297
189.83185185185187
190.21528935185185
191.05208333333334
192.01071180555556
191.76149016203703
191.70883680555556
191.86089120370372
191.963671875
192.20095775462963
192.18775462962964
192.3652025462963
192.6952662037037
192.76327256944444
193.66240740740741
193.62816261574073
193.16216145833334
193.6488107638889
193.2002459490741
193.1396990740741
193.5692042824074
193.38633101851852
193.6882204861111
193.9100173611111
192.3505642361111
189.75777488425925
189.1869704861111
188.98374131944445
189.31461516203703
188.89618344907407
189.4901707175926
190.6686082175926
191.53013310185185
192.4181423611111
192.50291087962964
192.49444155092593
192.45724826388889
192.3834982638889
192.70856770833333
192.7532494212963
192.63016203703702
192.65135416666666
192.23928819444444
192.30263888888888
193.77294849537037
193.91186342592593
193.9599537037037
194.18763599537036
194.03172743055555
193.8775
193.3536574074074
192.9583130787037
192.77732060185184
190.40799479166665
189.73324652777777
189.8229224537037
190.35719618055555
190.592265625
190.9573263888889
191.57453414351852
192.27932581018518
192.19247685185186
192.06086226851852
192.19519097222224
191.88366319444444
192.19040509259258
192.3659201388889
192.66706597222222
192.96528935185185
193.16047164351852
193.11090277777777
192.99530092592593
193.29899016203703
193.00342881944445
193.14765335648147
193.56638310185184
193.94913483796296
193.83689525462964
193.4352372685185
191.5589554398148
188.72988425925925
188.39310474537038
188.59315972222223
189.26577546296295
189.3387818287037
190.36005787037038
191.27019386574074
191.72501157407407
192.50194733796297
192.65135127314815
192.74459780092593
192.9121238425926
192.98832175925926
192.78160011574073
192.86147280092592
192.85856770833334
193.15152777777777
192.96625
193.31800636574073
193.55066550925926
193.67480902777777
193.16428530092594
190.66366319444444
189.63039930555556
190.5030613425926
190.4856221064815
190.38079861111112
190.51942418981483
191.01386574074073
191.14287615740741
191.62626157407408
191.63788483796296
191.828359375
191.90064814814815
192.79560185185184
192.82573784722223
192.83096354166668
193.05232349537036
193.83763020833334
193.99156828703704
194.30697627314814
194.20388020833335
193.9759809027778
193.87086516203703
193.004296875
192.85894965277777
189.7572337962963
188.83350405092594
188.9402199074074
189.10232349537037
189.06116608796296
190.101484375
190.70286747685185
191.83122974537036
191.6944704861111
191.72519675925926
191.872734375
191.99921585648147
192.48450231481482
192.63484375
192.72966435185185
192.94469907407407
192.7491087962963
192.96838541666668
192.75472222222223
192.77570891203703
194.4607986111111
194.41210358796297
194.52208622685185
194.4889699074074
194.4746585648148
194.05054108796296
192.46978877314814
189.38261284722222
188.93540219907408
189.16790219907406
190.18688946759258
190.18507523148148
190.48603877314815
191.88438368055554
191.10015046296297
191.1894386574074
190.87152488425926
190.92036458333334
191.37985821759258
191.59041956018518
192.43985243055556
192.47746238425927
192.14875
192.47204571759258
192.61514467592593
192.81859375
193.56389756944444
193.6856105324074
194.8462528935185
194.6712934027778
194.12991319444444
194.10981481481483
193.60634837962962
193.096484375
192.07785300925926
189.39900462962962
188.82071180555556
189.36727719907407
189.3730931712963
189.51750289351853
190.43807002314816
191.68873842592592
192.09144675925927
192.03118923611112
192.13947337962964
192.22337094907408
192.78002025462962
192.94116319444444
192.9610474537037
193.18550347222222
193.6781076388889
193.50421006944444
193.62684895833334
193.54612847222222
194.14061342592592
193.7359982638889
193.57463252314815
193.92125868055555
193.7362818287037
193.53295717592593
193.29751736111112
189.74229166666666
189.49969618055556
189.995859375
189.51149594907406
189.80973668981483
190.51660300925926
191.43235243055557
192.24939236111112
192.0522511574074
192.06641493055557
192.171328125
192.40936053240742
192.68971932870372
192.69470486111112
192.926171875
194.19898726851852
194.07480324074075
194.22067708333333
194.26977430555556
194.10144386574075
194.10131944444444
193.66866608796298
193.4923929398148
194.5502835648148
194.38825810185185
194.26066840277778
192.70589988425925
189.43883101851853
189.2276417824074
189.3948119212963
189.5381221064815
189.81602141203703
190.43188946759258
190.4687528935185
191.40814525462963
191.75833333333333
191.77515625
192.75879918981482
192.77316550925926
192.55510416666667
192.74491898148148
193.46799479166665
193.55626157407409
193.89039641203703
193.90420428240742
193.88271122685185
193.60778935185186
193.90847222222223
194.22513599537038
192.47987268518517
190.06081307870372
190.18791956018518
189.84124131944444
189.84234953703702
189.82611400462963
190.2419849537037
190.89476273148148
191.49155381944445
191.31527488425925
191.32563078703703
191.5064236111111
192.15527777777777
192.16638310185186
194.4614351851852
194.2568142361111
193.24216145833333
193.73658275462964
193.50002025462962
193.20757523148148
193.4708738425926
193.0712673611111
193.06630787037037
193.34634548611112
193.2769675925926
193.0806278935185
192.13568287037037
189.32453125
188.52173611111112
188.62528645833333
189.5961111111111
189.82262152777778
190.58002025462963
191.51671875
190.63788773148147
190.78895833333334
190.694453125
190.89116030092592
191.50063078703704
192.0846701388889
191.86734375
192.24574652777778
195.19396701388888
194.9555758101852
194.091328125
194.43375578703703
193.69975405092592
193.0704224537037
192.47966435185185
193.1113310185185
192.87749421296297
193.0146701388889
190.70789351851852
188.499921875
188.90529224537036
189.1993287037037
188.75300347222222
189.6642013888889
190.59376157407408
191.5813773148148
191.6831105324074
191.78141203703703
191.49342592592592
191.6185763888889
192.68526909722223
192.84239293981483
194.26545717592592
194.32608796296296
193.51472800925927
193.54783564814815
193.10975694444446
193.13617766203703
193.47939814814814
192.80039641203703
189.80513310185185
189.2804976851852
190.1404861111111
190.10328993055555
189.82499710648148
190.74162905092592
191.32751446759258
191.431875
192.01982928240741
191.74650462962964
191.42704282407408
191.93278356481483
191.9755642361111
192.36359664351852
192.35412037037037
192.68083912037036
193.01973090277778
193.08267650462963
193.8973263888889
193.8754079861111
192.25362268518518
190.4806712962963
190.01871817129629
189.6388107638889
190.39785011574074
190.59706597222223
192.08121817129629
192.40369502314815
192.5724189814815
192.5849971064815
192.18047453703704
192.28991608796295
192.23939814814815
192.68491608796296
192.5223292824074
192.67081597222221
192.49327835648148
192.97805555555556
193.335546875
193.45102430555556
191.91774016203703
190.4814091435185
190.5436747685185
190.4314525462963
189.8777025462963
190.59295138888888
191.1587962962963
191.27111979166668
190.61174189814815
190.6915451388889
191.72601851851852
192.0483101851852
192.30325810185184
192.65680266203702
192.35940104166667
192.23439525462962
192.18346064814816
192.30732060185184
192.17782986111112
192.611875
193.1487471064815
191.18242766203704
189.71927083333333
189.80882523148148
190.35059027777777
190.4559837962963
190.4932957175926
190.75290219907407
190.9115625
190.88071180555556
190.51392650462964
190.6275144675926
191.9948726851852
191.97107349537038
191.95769386574074
192.22860821759258
191.71385416666666
191.87736689814815
192.75110532407408
192.58077546296298
192.1147164351852
192.48656539351853
192.4156568287037
192.7356741898148
192.79789351851852
190.66033564814813
189.62988425925926
189.74136863425926
189.60569444444445
189.53311631944445
190.44040219907407
190.71626157407408
190.1175318287037
190.2789351851852
190.38234664351853
190.40695891203703
192.2470775462963
192.08644675925925
192.48352719907408
192.6625028935185
191.9855758101852
192.51747685185185
192.31987847222223
192.2500636574074
192.13883680555554
192.29110243055555
193.51266203703705
193.65655381944444
193.27665219907408
191.66150462962963
190.640546875
190.56647569444445
190.77536458333333
190.8954861111111
191.36762442129628
191.39430844907406
190.93852430555555
191.05235243055554
192.03982638888888
191.8522974537037
191.73391782407407
192.10715567129628
191.6386863425926
192.00846354166666
192.03258680555555
192.23031828703705
191.9022800925926
192.3336429398148
192.73776041666667
192.88771990740742
193.11808159722221
193.4593113425926
193.77839988425927
193.75230034722222
193.98727430555556
193.95803819444444
194.4874247685185
193.13177662037037
190.7062962962963
189.75484375
189.12638599537038
189.4114409722222
190.10067997685186
190.46989293981483
191.20743344907407
191.92555266203703
191.20724247685186
191.3515277777778
191.36353009259258
191.75670717592592
191.7073263888889
191.91495659722221
192.36281539351853
192.5440769675926
192.40451967592594
192.65716435185186
192.63152488425925
193.03701678240742
193.42232349537036
193.6979861111111
194.14703125
194.29404224537038
196.16439525462962
195.64418113425927
194.72448206018518
192.67985532407408
190.84634548611112
190.42980324074074
190.4897164351852
190.45880497685187
190.01349537037038
190.70541666666668
190.75514756944443
190.6582349537037
191.1457494212963
191.86809027777778
191.95292534722222
192.12453703703704
193.66416666666666
193.74204282407408
193.31851851851852
193.4990914351852
192.53609085648148
192.51669270833332
192.95921296296297
192.6723582175926
192.73810185185187
191.6615306712963
189.06846354166666
188.97836516203705
189.0591232638889
189.15740740740742
189.9348119212963
190.893359375
191.6659375
191.5399189814815
192.1400752314815
192.02927083333333
192.00648148148147
192.35569155092594
192.38829282407409
192.7617332175926
192.74499421296295
193.00665219907407
193.49015046296296
193.30564814814815
193.54506944444444
193.97925636574075
194.26004918981482
194.27874421296298
194.44528356481482
194.06180555555557
193.9476707175926
193.59453703703704
191.87209490740742
188.99238425925927
188.5303935185185
188.99608796296297
189.34624421296297
189.90477141203704
190.3686574074074
191.25035011574073
191.83609953703703
191.67512152777778
191.6181568287037
191.96877604166667
192.80791666666667
192.8660908564815
192.78424189814814
192.95952546296297
192.8767824074074
192.8116435185185
193.35811342592592
193.2558101851852
192.8797829861111
193.14500289351852
193.21412037037038
193.20092881944444
193.5004976851852
193.37122974537036
193.41888310185186
193.54306134259258
193.58405671296296
190.58885416666666
188.25610532407407
188.8681278935185
188.9128298611111
189.3173466435185
190.38072337962964
191.4593605324074
192.29196180555556
192.1947309027778
192.08661458333333
192.26962673611112
192.55193576388888
192.90421585648147
193.22675636574073
193.47086805555554
193.62208622685185
193.81041956018518
193.45156828703705
193.10910590277777
192.92129050925925
193.0605150462963
193.78842013888888
193.86711516203704
194.31503761574075
194.3641087962963
193.75791087962963
193.48729166666666
192.84399305555556
189.96323784722222
187.95995081018518
188.19064236111112
188.96789641203705
189.2227025462963
189.84894386574075
191.3142650462963
191.99085358796296
191.88736979166666
191.72107060185186
191.8691059027778
192.05335358796296
192.47906828703702
193.01160011574075
193.24621238425925
193.65288194444443
193.72677951388889
193.69168402777777
193.74133969907408
193.32627604166666
193.2312355324074
194.90579282407407
194.24627314814813
195.63209780092592
195.7088136574074
192.93088252314814
189.53364293981483
189.03362847222223
188.54133391203703
188.83831886574075
189.1402835648148
189.54306134259258
190.42341435185185
191.0720949074074
191.04026041666665
191.24172164351853
191.45787905092592
192.36695891203703
192.92001157407407
193.1801996527778
193.50298900462963
193.29025173611112
193.18154513888888
194.09321469907408
193.7394820601852
193.72951967592593
194.06197916666667
193.97661458333334
193.16847511574073
190.38571469907407
188.82653645833332
188.63810185185184
189.4175462962963
188.73278645833332
189.46194155092593
190.4375636574074
191.58578703703705
191.68858506944446
191.7161082175926
192.05798032407407
192.31469039351853
192.4742013888889
192.7251215277778
193.3251244212963
193.49545717592594
193.87692708333333
193.66845486111112
193.45282407407407
193.17720775462962
193.5024855324074
193.7345457175926
193.83939525462964
194.07782118055556
192.90656539351852
189.46291666666667
188.74521412037038
188.64837673611112
188.51192997685186
188.79457465277778
189.3219068287037
190.41791666666666
191.34533564814814
191.00039641203705
192.13100983796295
191.99870659722222
191.91026041666666
192.4620457175926
192.25231770833332
192.6986863425926
193.75232349537038
193.7807349537037
193.22628761574074
193.61675925925925
193.94716145833334
193.72040509259259
194.8262355324074
195.0580613425926
194.52080439814816
194.5367361111111
194.4117361111111
191.02986689814816
188.8692505787037
188.71927083333333
188.03547743055555
188.12738425925926
188.47511863425925
189.291875
191.16358506944445
191.56105034722222
190.6512644675926
190.7777372685185
190.93788194444446
191.55763599537036
191.87871238425927
192.14274305555554
192.27028935185186
192.6415335648148
193.16333333333333
193.313828125
193.9398582175926
194.26433159722222
194.06422164351852
194.03943287037038
192.81172743055555
189.64210069444445
188.83869791666666
189.2173148148148
189.25028645833333
189.79886574074075
189.63842013888888
190.04766782407407
189.60075520833334
189.7895630787037
190.51906828703704
190.59227719907406
191.22383391203704
191.442109375
191.8999074074074
192.15107060185184
192.95843171296298
193.00040219907407
193.43747685185184
193.5704224537037
193.37634548611112
193.5181105324074
194.7317679398148
194.15600983796296
190.50569155092592
189.16679398148148
188.3366377314815
188.0245023148148
188.10359953703704
187.98890335648147
189.15303819444443
189.48934027777779
189.86865451388888
189.55671296296296
190.22249131944446
190.21954571759258
189.79923032407407
190.16291087962964
190.35983796296296
190.7559230324074
190.61697048611111
190.91385127314814
191.18958622685184
191.47023726851853
191.94894097222223
192.20610243055555
192.80450810185187
193.01996238425926
193.66181134259259
193.7514699074074
193.44209780092592
193.2947309027778
190.47238425925926
188.597734375
188.76736111111111
188.73251157407407
188.69835358796297
188.85966724537036
188.8670457175926
189.08666666666667
189.09585358796295
188.95600983796297
188.64210648148148
189.0212991898148
189.05734375
189.24812210648147
189.23251446759258
189.59271122685186
189.5231134259259
189.66699074074074
189.80418402777778
190.24285011574074
190.58777199074075
190.828125
191.66971354166665
191.7826215277778
191.61941840277777
189.79749421296296
187.43533275462963
187.59084490740742
187.76927083333334
187.63234664351853
187.77839699074073
187.8243431712963
188.57669849537038
188.69782407407408
188.38370949074073
188.99582465277777
189.0404513888889
189.1161111111111
190.3326851851852
190.35746238425926
190.06931134259258
190.34265914351852
190.38975405092592
190.50133391203704
191.97102430555555
191.89482928240741
192.27858796296297
192.570703125
191.80974537037036
188.97605902777778
187.5297800925926
187.67303819444444
187.60381944444444
187.29704282407408
188.06135706018517
187.91089699074075
187.92039351851852
188.06872685185186
187.97444733796297
188.07786458333334
187.9098148148148
188.13577546296295
188.56377025462962
188.78852430555557
189.415
189.54209780092592
188.99144097222222
189.46435763888888
189.59106770833333
189.8880324074074
189.9483738425926
190.2545457175926
191.2607349537037
191.3778443287037
192.06307581018518
192.21811921296296
192.15898726851853
192.3538917824074
192.0970920138889
192.25823206018518
189.55899594907407
187.48950520833333
187.54924768518518
187.6219502314815
188.07157407407408
187.58350405092594
187.39594039351852
187.46480034722222
187.51824363425925
187.45680844907406
187.23456886574073
187.7469704861111
188.32182581018517
188.34371238425925
188.97267939814816
189.01838252314815
189.31680555555556
189.46743344907406
188.88242476851852
189.24810474537037
190.01817708333334
190.3105150462963
190.1493576388889
190.5681568287037
191.02845775462964
190.46633969907407
187.9460011574074
187.11183449074073
186.7772974537037
187.02013599537037
187.25541377314815
187.13173900462962
187.34322627314816
187.50115451388888
188.38782407407408
188.2613888888889
188.97902488425925
188.97131365740742
188.44675925925927
188.90600115740742
188.746640625
189.17589988425925
189.5277199074074
189.80780381944444
190.34915219907407
190.62786458333332
190.4151273148148
190.96469907407408
191.8352517361111
191.56755497685185
188.9254079861111
187.2278153935185
186.8669965277778
186.94931134259258
186.29644965277777
186.20575810185184
186.70497974537037
186.8957465277778
187.0067476851852
187.2100810185185
186.44792824074074
186.70162037037036
186.91225694444444
187.20094039351852
187.1453877314815
187.55478298611112
188.30113715277778
188.4482638888889
188.56759548611112
188.86548900462964
189.33177372685185
189.8886574074074
189.90652488425926
190.3130005787037
190.93333912037036
191.2113599537037
191.72825231481482
191.68438078703704
191.58200810185184
191.84483506944446
192.4205613425926
190.31738136574074
186.51413773148147
186.41614583333333
186.5090798611111
186.53884837962963
186.33610243055554
186.3238454861111
186.29878472222222
186.65209201388888
187.39388020833334
187.25967013888888
187.19102141203703
187.2487037037037
187.36570023148147
187.5380787037037
189.09859375
189.12622395833333
190.04270833333334
190.22743344907408
189.60633101851852
190.06363715277777
190.62591724537037
190.85897858796295
190.76858796296295
191.14855613425925
192.11130208333333
191.5997974537037
187.61107638888888
186.22752893518518
186.16978587962964
186.89142939814815
186.05672743055555
186.00135127314815
186.61004918981482
186.7118431712963
186.8489380787037
186.95107349537037
186.87206886574074
187.30514756944444
187.51196469907407
187.76612847222222
187.85703993055554
187.95153645833332
188.28402199074074
188.38273726851853
188.39889467592593
188.60853587962964
189.47890625
189.9133738425926
190.2360011574074
190.67090277777777
191.07235532407407
191.17436631944443
191.48770543981482
190.85234085648148
186.95183159722222
185.963359375
185.82751157407407
186.03967303240742
186.1491550925926
185.97680555555556
186.43704571759258
186.67467592592592
186.65352430555555
186.66357349537037
185.9700462962963
186.68939236111112
187.1878443287037
187.48517939814815
188.42066261574075
188.56979166666667
189.13102141203703
189.36292824074073
190.15052372685184
190.2137644675926
190.69247395833332
191.23734664351852
191.14472511574073
191.54324074074074
191.4140306712963
191.44292534722223
191.8985792824074
191.9881105324074
192.39709780092593
192.5470804398148
193.42645833333333
193.5807841435185
192.71477430555555
188.58798321759258
187.4130324074074
188.0445167824074
187.46671585648147
187.4606134259259
187.26602430555556
187.17938946759259
187.06396122685186
187.02903067129628
188.90798611111111
188.93750578703703
188.30296296296297
188.94775173611112
188.64020833333333
189.05888020833333
190.22063078703704
190.2569560185185
190.69111689814815
191.0546412037037
190.70864583333332
191.09269675925927
192.08142650462963
192.22455150462963
192.0268258101852
192.50788194444445
192.03824363425926
188.6054658564815
187.60478587962962
187.79619791666667
187.65162905092592
187.67831886574075
187.04844907407409
187.33512731481483
187.65776620370372
187.45155960648148
187.95313078703703
188.26797743055556
188.16385127314814
189.1081712962963
189.44408564814816
189.85334780092592
189.56826678240742
189.94690972222222
190.23155381944446
190.28934606481482
191.15372395833333
191.37671585648147
191.93065104166666
192.25341145833335
191.36116608796297
188.09223090277777
186.9185185185185
186.8881597222222
186.79044849537038
186.69502025462964
186.56346643518518
186.63374421296297
187.01755787037038
187.06615451388888
187.52688368055556
187.77443287037036
188.3934664351852
188.67649016203703
189.2064988425926
189.6411082175926
189.03028356481482
189.5222222222222
189.9347974537037
190.04488425925925
189.9275491898148
190.4929369212963
190.91280671296298
191.04837962962964
191.37269675925927
191.55686631944445
191.9797366898148
192.20780092592594
191.07898726851852
187.30157407407407
186.23246238425926
186.72515046296297
187.0018142361111
186.3171556712963
186.00631076388888
186.32602141203705
186.47728877314816
186.5388773148148
187.8978443287037
187.69377314814815
187.7709693287037
187.96223958333334
188.1908564814815
188.4566550925926
188.4518605324074
188.9980324074074
188.76804108796296
189.19093460648148
189.13710358796297
189.28459780092592
190.0834056712963
190.39886574074075
191.06235243055556
191.45997685185185
191.63054398148148
190.23364872685184
186.81686342592593
186.66167245370372
187.14567997685185
187.0164525462963
187.10140625
187.0457494212963
186.9735763888889
187.2697048611111
187.09300636574073
186.9758101851852
187.25804108796297
187.5146846064815
187.36643229166665
187.5770486111111
188.91898726851852
188.88266493055556
188.8961082175926
189.0401707175926
189.433515625
190.1047974537037
190.55591435185184
190.89555555555555
190.25192418981482
187.33160300925925
186.50535300925927
186.84102141203704
187.09811053240742
187.08392650462963
187.6193605324074
187.7480005787037
188.4884519675926
188.34947627314816
187.58228298611112
187.81558159722223
187.32453414351852
187.5695920138889
188.99905381944444
189.10019675925926
189.00324074074075
189.25391493055557
188.91105902777778
189.26223958333333
189.76094907407406
189.6278443287037
189.6591869212963
190.0379832175926
189.50716724537037
187.36526331018518
187.00381365740742
186.67595775462962
186.59800636574073
186.59627314814816
186.7223755787037
186.7045775462963
186.57788194444444
186.96392650462963
188.17612847222222
188.0827633101852
186.99435474537037
187.26032118055556
186.64695023148147
186.84180266203703
186.93778356481482
187.27976851851852
187.86357060185185
188.0117216435185
188.27903645833334
188.4926851851852
188.51482060185185
188.76772280092592
188.8198003472222
189.18601273148147
189.42747106481482
189.63896412037036
189.92357060185185
190.00828414351852
189.51234085648147
186.58390335648147
186.15310763888888
186.63622974537037
186.84752025462964
186.6874537037037
186.4474392361111
186.68569733796295
186.7874710648148
186.8293402777778
186.56898148148147
186.61291666666668
186.54589409722223
186.86864872685186
186.98303240740742
187.027265625
187.25105613425927
187.4017650462963
187.46591724537038
187.7554832175926
188.09429108796297
188.46951967592594
188.9016377314815
189.1457667824074
189.68767939814813
189.95403645833332
189.66076967592593
187.60873263888888
185.62515625
185.90158564814814
186.57328414351852
186.4964380787037
186.4588744212963
186.35648726851852
187.68493055555555
187.33382233796297
186.87595775462964
187.15342881944446
187.37869212962963
187.34140914351852
187.37313946759258
187.81684317129628
187.73964409722223
187.85592592592593
188.06261574074074
188.33004050925925
188.6862152777778
189.04589409722223
188.91986111111112
188.99918113425926
187.53861400462964
186.67931712962962
186.76646122685185
186.71281828703704
186.86371527777777
186.78270833333335
186.71130787037038
186.7464207175926
186.5779050925926
186.54710358796297
186.98609085648147
187.28605324074073
187.59696469907408
187.70441550925926
188.22199652777778
188.13314814814814
188.09574074074075
188.39040798611111
188.9307638888889
189.25182581018518
188.00065104166666
186.6635445601852
186.97672453703703
186.83194733796296
186.4657320601852
186.72735243055556
187.19061921296296
187.28697627314816
186.87007523148148
186.8932465277778
187.58111400462963
187.5509866898148
188.68682291666667
188.64199363425925
187.57008969907406
187.75053530092592
188.1137818287037
188.14508391203702
188.28953414351852
188.70129340277776
188.48375578703704
187.16045428240741
185.92850694444445
186.24397280092592
186.5803587962963
186.5162962962963
185.77061921296297
186.0724855324074
186.56192418981482
186.46078125
186.425546875
186.44587962962962
186.97392939814816
187.06958333333333
186.64301215277777
187.07095486111112
187.3460966435185
187.49069155092593
187.88938368055557
187.97960648148148
189.90971064814815
189.81
187.74999421296297
186.80138599537037
186.09768229166667
186.219609375
186.50038483796297
186.6496556712963
187.3109403935185
187.38415219907407
186.57477719907408
186.81232349537038
187.18575520833335
187.24193576388888
186.61467881944444
186.86795138888888
187.74014467592593
187.80535300925925
188.80549768518517
188.86054108796296
188.71896701388889
189.05360243055554
188.47583333333333
188.54142939814815
186.73287037037036
185.76059027777777
185.8281423611111
186.3113917824074
185.5337818287037
185.73408854166667
187.44891203703705
187.29519965277777
186.65722800925926
186.71974537037036
186.50276909722223
186.60766493055556
186.59579571759258
186.8252488425926
187.48116319444443
187.64596354166667
188.99355613425925
188.7841261574074
187.92949074074073
188.3836863425926
188.50821180555556
188.70365162037038
188.81832175925925
189.24459490740742
188.71581018518518
186.93855034722222
186.4572048611111
186.70356481481483
187.69172453703703
187.53946180555556
187.81294270833334
187.95560185185184
187.03541956018518
187.1237528935185
186.89959490740742
187.01597222222222
187.28571180555556
187.54405671296297
187.2436284722222
187.61336226851853
187.92083333333332
188.00439814814814
187.9371556712963
188.1217332175926
189.7000752314815
189.73199074074074
190.11230613425926
189.77136284722224
186.95615162037038
186.39022569444444
186.22664351851853
186.32176215277778
186.5404224537037
186.5347945601852
186.35444733796297
186.5769039351852
186.59482060185186
186.66546875
186.33361689814814
186.4615017361111
186.48894386574074
186.8444878472222
187.76664930555555
187.83903356481483
187.63374421296297
187.9000144675926
188.20472222222222
188.46454282407407
188.79161747685185
189.24708333333334
188.76938078703705
186.62651909722223
187.28304108796297
187.31353877314814
187.43241898148148
187.52814525462964
187.84016203703703
188.08136574074075
188.1946267361111
187.96084780092593
187.95428819444444
188.10249421296297
188.12990162037036
188.38431134259258
188.12568287037038
188.4426273148148
188.39958043981483
188.5671238425926
188.88282118055557
189.1530815972222
188.99855034722222
189.25208043981482
189.44752604166666
189.29496238425926
187.64130787037038
